3
3
4
3
3
3
3
3
3
3
3
3
3
3
3
3
3
3
3
3
3
3
3
3
3
3
3
3
4
3
3
3
3
3
4
3
4
3
3
3
3
3
3
3
4
3
3
2
3
3
3
3
3
3
3
3
3
3
3
4
3
3
3
3
3
3
3
2
3
3
4
3
3
3
2
2
3
3
2
3
2
3
4
3
3
2
3
3
3
3
3
2
3
3
3
4
3
4
3
3
NomuberOfNodes:10
RunngingTime(s):0.009
Average Density:0.3015555555555551
Max Density:0.37777777777777777
Min Density:0.24444444444444444
==============================
5
4
5
5
5
5
4
5
4
4
5
4
5
4
4
4
4
5
4
5
5
4
4
5
4
4
4
5
4
5
4
5
4
4
5
4
4
4
4
4
5
4
5
5
4
4
4
4
4
4
4
4
4
5
4
4
4
4
4
4
4
5
4
4
5
5
4
5
4
5
4
4
5
4
4
4
4
4
4
4
4
4
4
4
4
4
4
5
4
5
4
5
5
4
4
4
4
5
5
4
NomuberOfNodes:20
RunngingTime(s):0.007
Average Density:0.2984210526315789
Max Density:0.33157894736842103
Min Density:0.3
==============================
5
5
5
6
5
6
5
5
5
5
5
5
5
5
6
5
5
6
5
6
5
6
5
5
6
6
5
5
6
5
4
6
5
6
6
6
5
5
5
5
6
5
6
5
5
5
5
5
6
6
6
5
4
5
5
5
5
5
7
5
5
6
5
5
5
6
5
5
5
5
5
6
5
5
5
5
5
6
5
5
5
6
6
5
5
6
6
5
5
5
5
5
6
5
5
6
6
5
6
6
NomuberOfNodes:30
RunngingTime(s):0.01
Average Density:0.29641379310344834
Max Density:0.32413793103448274
Min Density:0.2942528735632184
==============================
7
7
7
7
7
6
7
6
7
6
7
6
6
6
7
6
6
7
6
7
7
6
6
6
7
6
6
7
7
6
6
6
7
7
6
7
7
7
6
6
7
6
7
7
7
6
7
6
7
7
7
6
6
6
6
7
6
6
6
6
6
6
6
7
6
7
6
6
6
7
6
7
6
6
7
6
7
6
7
6
6
6
7
6
6
6
6
6
7
7
6
6
7
7
6
7
6
6
7
6
NomuberOfNodes:40
RunngingTime(s):0.016
Average Density:0.3005384615384617
Max Density:0.31794871794871793
Min Density:0.28974358974358977
==============================
8
8
7
8
7
7
7
8
8
7
8
8
7
7
7
7
7
7
8
7
7
7
7
7
7
7
7
8
8
7
7
7
7
7
7
8
8
7
7
8
7
7
7
7
7
7
7
7
7
8
7
7
8
7
7
8
8
8
7
7
7
6
8
7
7
7
8
8
7
8
7
8
6
7
7
7
7
7
7
8
7
7
7
8
8
8
8
7
8
7
8
7
7
8
8
7
8
8
6
7
NomuberOfNodes:50
RunngingTime(s):0.02
Average Density:0.2993959183673469
Max Density:0.33387755102040817
Min Density:0.29306122448979594
==============================
9
8
8
8
8
8
9
9
8
8
9
8
8
8
8
8
8
8
8
9
9
8
8
8
9
8
9
9
8
8
8
8
8
8
8
8
7
8
8
9
9
8
9
8
8
8
7
8
9
8
8
8
8
8
8
9
9
9
7
8
8
9
8
8
9
8
8
9
9
8
9
8
8
8
8
8
8
8
8
9
8
9
8
8
9
8
8
8
8
8
8
8
8
8
9
9
8
8
9
8
NomuberOfNodes:60
RunngingTime(s):0.026
Average Density:0.30200564971751453
Max Density:0.307909604519774
Min Density:0.29887005649717513
==============================
9
9
9
10
9
9
10
9
9
9
10
9
9
9
9
8
10
9
9
10
10
9
10
9
9
10
9
9
9
9
9
9
9
9
9
9
9
10
9
10
9
9
8
9
9
9
9
10
10
9
8
10
9
10
8
9
10
9
9
10
9
9
10
9
9
9
9
9
9
9
9
9
9
9
9
9
9
9
10
10
9
10
9
10
9
9
9
9
9
9
9
10
9
9
9
9
9
9
9
9
NomuberOfNodes:70
RunngingTime(s):0.041
Average Density:0.2993374741200829
Max Density:0.30062111801242236
Min Density:0.2898550724637681
==============================
10
10
10
10
11
10
11
10
10
9
10
9
10
10
9
11
10
10
11
10
10
10
10
10
9
10
10
10
9
10
11
10
11
10
10
11
11
10
10
10
10
11
10
10
10
10
11
9
10
10
10
10
10
10
11
10
10
9
10
10
10
10
10
10
10
10
10
10
11
10
10
10
10
10
11
10
10
11
9
10
10
10
11
10
10
10
10
11
10
9
10
9
10
9
10
9
10
10
10
10
NomuberOfNodes:80
RunngingTime(s):0.038
Average Density:0.30004746835443036
Max Density:0.31075949367088607
Min Density:0.2927215189873418
==============================
11
11
10
11
10
11
11
11
11
11
11
11
10
11
11
11
12
11
11
11
12
11
12
11
10
10
11
11
12
10
10
10
11
11
11
11
11
11
11
11
12
10
11
10
11
11
11
11
10
11
11
12
11
11
11
11
11
11
11
11
11
11
11
10
11
11
10
11
11
11
11
11
11
11
11
11
10
11
11
10
11
11
11
11
10
11
11
11
11
11
11
11
10
11
11
11
11
10
10
11
NomuberOfNodes:90
RunngingTime(s):0.057
Average Density:0.2995580524344568
Max Density:0.30362047440699125
Min Density:0.2968789013732834
==============================
12
12
12
12
12
12
11
11
11
11
10
12
12
12
12
11
12
12
12
11
12
11
12
13
12
12
11
12
11
11
12
12
12
11
13
11
11
11
12
12
13
12
13
12
11
12
12
12
12
12
12
11
12
12
12
11
11
12
11
12
12
12
12
12
11
12
11
12
12
12
12
12
12
11
12
12
13
12
11
12
11
11
12
12
11
11
12
12
12
11
11
11
12
12
11
11
11
12
11
11
NomuberOfNodes:100
RunngingTime(s):0.025
Average Density:0.29879595959595956
Max Density:0.3006060606060606
Min Density:0.2919191919191919
==============================
