4
4
5
4
4
4
5
4
4
4
5
4
4
4
5
4
4
4
4
4
4
3
4
4
4
4
5
4
4
4
4
4
3
4
4
4
3
3
4
3
3
5
4
4
4
4
5
4
4
4
4
4
4
3
4
4
4
3
4
4
4
3
4
4
4
4
5
4
4
3
3
4
4
4
5
4
5
4
5
4
4
4
4
4
3
5
4
4
4
4
4
4
4
3
3
4
5
4
5
4
NomuberOfNodes:10
RunngingTime(s):0.014
Average Density:0.5017777777777774
Max Density:0.5555555555555556
Min Density:0.4222222222222222
==============================
6
7
6
6
6
5
6
6
5
5
6
6
5
6
6
6
7
6
6
6
6
6
6
6
6
7
6
6
6
5
5
5
6
5
6
7
6
6
5
6
7
7
7
6
8
6
6
6
8
6
6
6
6
6
6
6
7
6
6
7
6
6
6
7
6
6
7
6
7
5
7
6
6
6
6
7
5
6
6
6
6
6
6
7
6
6
6
6
6
6
6
6
6
6
6
6
6
6
6
6
NomuberOfNodes:20
RunngingTime(s):0.009
Average Density:0.5044736842105264
Max Density:0.5526315789473685
Min Density:0.47368421052631576
==============================
9
9
8
7
8
8
8
7
9
8
8
7
8
8
8
8
8
9
8
8
8
7
9
9
8
7
8
7
7
8
7
8
7
8
7
7
7
8
8
8
8
8
8
7
7
8
7
8
8
8
7
8
7
8
7
8
8
7
7
7
8
9
7
9
8
7
8
9
8
7
7
9
8
9
9
9
8
8
8
8
8
8
8
8
8
8
7
8
8
8
7
9
8
8
8
8
8
7
8
7
NomuberOfNodes:30
RunngingTime(s):0.015
Average Density:0.5020689655172413
Max Density:0.5057471264367817
Min Density:0.49885057471264366
==============================
9
10
10
9
9
10
9
10
9
9
10
9
8
9
10
9
9
9
10
10
9
10
9
10
9
10
9
9
8
10
9
10
10
10
11
9
9
9
10
10
10
9
10
10
10
9
9
9
9
9
10
9
9
9
10
10
9
9
10
9
9
9
9
9
10
9
11
10
9
10
10
10
9
10
10
9
9
9
9
8
9
8
10
10
10
9
10
10
10
9
9
10
10
10
10
10
10
10
9
9
NomuberOfNodes:40
RunngingTime(s):0.02
Average Density:0.500948717948718
Max Density:0.5089743589743589
Min Density:0.48333333333333334
==============================
11
11
11
11
11
11
12
11
10
12
11
11
10
11
11
12
10
11
11
10
12
12
11
10
12
11
12
10
10
11
12
11
12
12
11
12
12
10
11
11
11
12
10
11
11
12
11
12
12
11
11
11
12
12
11
10
11
10
10
11
12
12
11
11
11
12
11
12
11
11
10
11
11
10
11
11
11
11
11
11
10
10
11
11
11
11
11
11
12
10
10
11
11
12
11
11
12
11
11
11
NomuberOfNodes:50
RunngingTime(s):0.025
Average Density:0.5006367346938773
Max Density:0.5159183673469387
Min Density:0.4897959183673469
==============================
13
13
13
12
12
13
12
13
13
13
12
14
12
12
13
13
13
12
12
12
13
12
12
12
13
11
13
12
12
12
13
13
12
12
13
13
13
13
12
13
12
12
12
12
12
14
12
12
12
12
12
14
14
13
12
13
11
13
13
14
13
13
12
12
12
13
12
13
13
12
12
12
13
13
13
13
13
14
13
13
13
13
12
12
12
13
15
12
12
12
14
14
12
12
13
13
13
12
13
12
NomuberOfNodes:60
RunngingTime(s):0.028
Average Density:0.4997344632768362
Max Density:0.5011299435028248
Min Density:0.4768361581920904
==============================
14
14
14
15
14
14
15
14
14
15
13
14
14
14
13
15
14
15
14
15
15
15
14
13
15
15
14
14
14
15
15
14
14
14
13
14
15
14
13
14
15
14
14
14
14
15
13
14
13
14
14
14
14
15
15
14
15
14
14
14
16
14
13
14
15
15
15
14
13
15
14
14
14
15
14
14
13
14
13
13
13
14
14
15
13
12
14
14
14
14
15
13
14
14
14
14
14
15
13
14
NomuberOfNodes:70
RunngingTime(s):0.037
Average Density:0.501031055900621
Max Density:0.506832298136646
Min Density:0.47991718426501034
==============================
16
15
15
15
16
16
15
16
16
16
16
15
17
16
16
16
16
15
16
17
14
16
16
17
17
17
15
15
15
16
16
16
16
16
15
16
16
17
15
16
16
15
16
16
15
17
15
15
16
15
15
15
16
17
15
16
15
15
16
16
16
16
17
15
16
16
17
15
16
16
15
15
16
16
16
16
15
16
15
15
15
15
15
17
15
16
15
15
14
16
16
15
15
16
15
16
17
16
15
16
NomuberOfNodes:80
RunngingTime(s):0.037
Average Density:0.499006329113924
Max Density:0.509493670886076
Min Density:0.49936708860759493
==============================
18
16
16
16
17
18
18
17
17
17
17
17
17
17
17
17
17
17
17
17
16
18
17
18
17
17
16
16
18
17
16
17
18
18
17
16
16
18
17
18
18
18
17
18
17
17
16
18
16
17
17
17
16
16
17
16
16
17
17
17
18
17
17
17
17
16
18
17
17
17
17
16
16
18
16
16
17
17
17
16
16
17
17
16
17
18
17
17
17
17
18
17
18
17
18
16
17
18
16
17
NomuberOfNodes:90
RunngingTime(s):0.046
Average Density:0.4996629213483149
Max Density:0.5028714107365793
Min Density:0.4871410736579276
==============================
19
18
18
19
18
19
17
19
17
18
18
18
18
19
19
19
19
18
19
17
19
19
18
19
18
19
18
18
18
18
19
18
17
18
17
18
19
17
18
19
17
18
20
18
18
20
18
19
19
20
19
19
18
19
18
19
19
18
17
19
17
19
18
18
20
18
18
18
19
19
19
18
20
18
17
18
19
19
17
18
18
18
19
18
18
18
18
18
19
20
19
18
17
17
18
18
18
18
18
18
NomuberOfNodes:100
RunngingTime(s):0.038
Average Density:0.4997999999999999
Max Density:0.502020202020202
Min Density:0.4955555555555556
==============================
