5
5
5
4
4
4
5
5
5
5
5
5
6
4
6
5
5
5
5
5
5
4
6
5
4
5
5
5
5
5
6
4
5
5
4
4
5
4
5
5
4
5
4
6
6
5
5
5
4
5
4
6
5
5
5
6
4
5
5
5
5
6
5
5
5
5
5
5
4
5
5
4
5
4
5
5
5
6
4
5
4
4
5
4
4
5
4
4
6
5
5
4
5
5
4
4
5
6
5
4
NomuberOfNodes:10
RunngingTime(s):0.011
Average Density:0.6488888888888888
Max Density:0.6666666666666666
Min Density:0.6222222222222222
==============================
8
8
7
7
9
8
8
7
7
8
9
7
7
8
7
8
8
8
9
8
7
7
8
8
7
8
8
7
8
8
7
8
7
7
8
7
7
8
9
7
8
8
8
8
8
7
7
8
8
7
8
7
8
7
7
7
8
8
9
7
8
7
9
7
8
7
6
7
8
9
8
8
8
8
8
8
8
8
8
8
8
8
8
8
7
8
8
8
8
8
7
8
7
7
7
7
7
8
7
8
NomuberOfNodes:20
RunngingTime(s):0.01
Average Density:0.6565789473684213
Max Density:0.7263157894736842
Min Density:0.6421052631578947
==============================
10
10
10
9
10
10
10
10
10
11
9
10
10
9
12
9
10
10
10
10
11
10
10
10
10
11
10
9
10
11
11
11
10
10
9
11
9
11
12
11
11
10
10
12
11
9
10
10
12
9
10
10
10
9
10
10
10
10
10
11
9
12
9
10
10
10
10
10
10
9
9
11
10
11
12
11
11
10
9
9
12
9
9
10
10
10
9
10
11
10
10
9
12
10
9
10
11
11
10
10
NomuberOfNodes:30
RunngingTime(s):0.02
Average Density:0.6512643678160919
Max Density:0.6781609195402298
Min Density:0.6252873563218391
==============================
11
11
13
12
13
14
13
14
12
13
12
13
12
13
14
12
12
11
12
14
13
13
12
12
11
12
13
13
12
11
12
11
12
11
12
12
12
12
13
12
12
13
14
12
11
13
12
14
13
12
12
12
12
13
13
11
11
13
13
11
13
12
11
12
13
12
13
12
12
12
13
11
12
13
11
13
13
12
11
12
12
12
12
13
12
14
13
12
12
13
12
13
12
12
11
12
12
11
11
12
NomuberOfNodes:40
RunngingTime(s):0.028
Average Density:0.646448717948718
Max Density:0.6551282051282051
Min Density:0.6294871794871795
==============================
15
15
15
15
14
15
13
12
14
14
13
14
13
14
15
14
15
15
14
14
14
15
15
14
14
14
14
15
14
14
14
15
14
12
15
16
14
14
14
15
13
14
13
14
15
15
14
14
15
15
16
15
15
14
14
14
14
16
15
15
15
15
13
13
14
15
15
14
15
16
14
15
14
15
13
15
14
15
15
13
14
15
14
15
13
16
14
14
15
15
14
13
14
15
14
14
14
13
14
14
NomuberOfNodes:50
RunngingTime(s):0.043
Average Density:0.6489714285714284
Max Density:0.6693877551020408
Min Density:0.6473469387755102
==============================
16
17
15
17
16
16
17
17
15
17
17
17
16
17
16
17
16
16
17
17
16
17
17
17
17
16
17
18
17
18
17
17
15
16
17
16
17
16
17
18
15
16
18
17
17
17
16
16
16
17
17
16
17
16
17
16
18
16
16
16
16
16
17
17
17
17
17
16
16
15
16
17
19
16
17
16
16
17
16
17
18
16
17
16
18
17
16
17
16
18
16
17
16
17
15
16
17
16
17
17
NomuberOfNodes:60
RunngingTime(s):0.044
Average Density:0.649870056497175
Max Density:0.6519774011299435
Min Density:0.6485875706214689
==============================
17
18
21
18
18
19
19
20
19
17
19
18
18
19
18
18
19
18
18
19
18
19
17
19
20
17
19
20
19
18
20
19
17
19
18
19
18
20
18
18
18
20
20
20
17
18
19
18
19
18
19
19
17
18
18
20
18
20
18
18
18
18
19
18
19
20
18
18
18
19
16
18
19
17
19
17
18
18
21
19
20
19
18
19
20
19
19
19
20
20
17
19
19
17
19
19
20
19
18
19
NomuberOfNodes:70
RunngingTime(s):0.054
Average Density:0.6493002070393373
Max Density:0.6616977225672878
Min Density:0.6496894409937888
==============================
20
19
21
21
21
21
19
18
21
22
21
21
21
20
21
21
21
21
21
21
21
20
22
21
22
19
21
20
22
20
20
22
20
21
21
21
21
18
19
21
21
21
21
20
21
21
21
21
19
20
21
19
21
21
20
21
21
21
20
23
21
22
21
20
21
20
20
20
20
22
22
21
21
22
21
22
21
21
21
20
20
20
20
21
21
21
21
21
20
22
21
20
21
21
20
20
21
22
20
20
NomuberOfNodes:80
RunngingTime(s):0.042
Average Density:0.6498607594936711
Max Density:0.6528481012658228
Min Density:0.6354430379746835
==============================
24
22
22
22
24
23
23
22
22
23
22
22
23
22
24
23
22
22
22
21
24
22
21
22
24
23
23
24
21
23
22
24
23
23
23
23
25
22
24
23
21
22
23
22
24
24
22
23
23
22
23
23
22
21
24
21
23
22
22
22
22
21
23
23
22
23
22
24
24
23
24
23
23
22
23
22
23
21
22
22
22
23
22
23
24
22
24
23
23
22
21
22
24
22
21
23
22
23
22
21
NomuberOfNodes:90
RunngingTime(s):0.074
Average Density:0.6488364544319605
Max Density:0.6576779026217229
Min Density:0.6491885143570537
==============================
25
24
24
25
25
24
26
24
24
24
24
24
25
24
25
25
26
25
24
25
25
25
24
25
25
24
25
25
23
23
23
23
25
25
25
24
23
24
24
23
25
24
23
25
24
25
24
25
26
25
25
24
23
23
24
26
25
24
26
24
26
26
24
24
25
25
24
24
25
26
26
27
23
24
25
23
26
24
24
26
25
24
24
24
24
25
25
25
25
23
25
25
25
24
25
24
25
24
24
25
NomuberOfNodes:100
RunngingTime(s):0.051
Average Density:0.6498787878787878
Max Density:0.6501010101010101
Min Density:0.6488888888888888
==============================
