6
6
6
6
5
6
5
6
7
6
6
5
7
5
5
6
6
6
6
5
5
4
5
7
5
7
5
5
5
6
6
5
6
6
6
6
5
6
5
5
7
5
5
6
7
7
6
4
5
6
4
5
5
6
7
5
6
4
4
6
6
5
5
6
5
5
5
6
5
5
6
6
5
5
5
5
9
6
6
8
6
6
5
6
5
5
6
6
5
6
5
5
5
6
7
5
7
6
7
6
NomuberOfNodes:10
RunngingTime(s):0.013
Average Density:0.75
Max Density:0.8
Min Density:0.7333333333333333
==============================
8
9
11
9
8
8
8
9
8
9
8
9
8
9
9
10
10
9
10
9
8
8
10
9
9
10
9
9
9
9
8
10
9
8
10
9
9
9
9
8
9
9
9
9
8
10
9
9
8
7
8
9
9
9
9
8
9
8
9
10
8
8
8
9
10
9
9
9
9
9
9
9
9
8
10
9
9
9
10
8
8
9
9
9
10
8
9
8
8
9
9
9
9
8
10
10
10
10
8
9
NomuberOfNodes:20
RunngingTime(s):0.01
Average Density:0.7492105263157898
Max Density:0.7526315789473684
Min Density:0.7157894736842105
==============================
13
13
12
13
11
12
11
11
11
12
13
14
12
11
11
11
12
12
13
12
12
12
12
12
12
12
12
13
11
11
11
12
11
12
10
11
11
12
13
12
11
12
12
11
12
12
12
11
11
13
12
11
13
12
11
11
11
13
11
11
13
10
12
13
11
12
10
12
11
12
12
12
13
12
13
12
13
12
11
12
12
12
13
13
11
12
12
11
11
13
12
11
11
12
13
12
12
11
11
12
NomuberOfNodes:30
RunngingTime(s):0.023
Average Density:0.7473103448275857
Max Density:0.7517241379310344
Min Density:0.7448275862068966
==============================
15
14
16
15
15
15
15
14
15
15
16
16
15
14
15
15
15
14
14
15
14
15
14
14
15
15
15
16
15
15
15
15
16
15
16
15
15
13
15
15
15
15
16
15
13
17
15
15
15
15
14
15
15
14
16
15
15
15
13
14
13
16
16
14
14
14
14
15
14
14
14
14
15
15
13
12
15
14
17
13
15
13
14
14
16
14
15
16
14
15
15
13
14
15
15
14
15
15
14
14
NomuberOfNodes:40
RunngingTime(s):0.03
Average Density:0.7481666666666668
Max Density:0.7525641025641026
Min Density:0.7346153846153847
==============================
16
17
17
18
17
18
17
17
17
19
19
18
18
17
17
18
17
17
18
19
18
18
17
17
18
17
17
18
18
18
17
15
18
17
17
17
16
16
17
17
16
18
18
18
17
19
17
17
16
17
18
19
17
17
17
17
17
16
19
17
17
17
19
18
17
17
18
19
17
18
19
17
15
15
18
17
18
16
18
17
17
18
17
18
17
17
18
18
18
18
17
18
17
17
17
18
17
17
17
18
NomuberOfNodes:50
RunngingTime(s):0.051
Average Density:0.7486693877551018
Max Density:0.7624489795918368
Min Density:0.7371428571428571
==============================
21
20
21
19
19
19
20
20
21
19
22
18
20
19
19
22
19
20
20
19
20
19
19
21
20
20
19
18
20
20
19
19
20
21
20
20
20
21
19
20
19
20
20
19
19
21
20
21
22
21
21
19
20
20
20
20
21
19
21
20
22
19
21
21
20
19
20
18
20
19
19
21
20
20
21
19
21
20
19
20
20
21
17
19
21
19
20
19
22
20
20
21
21
19
19
20
21
20
18
19
NomuberOfNodes:60
RunngingTime(s):0.049
Average Density:0.7499717514124298
Max Density:0.7553672316384181
Min Density:0.7446327683615819
==============================
21
22
22
23
21
21
23
23
21
23
24
22
23
24
23
24
23
23
24
23
22
22
23
22
23
23
25
23
21
21
23
23
24
23
23
21
21
22
23
22
22
23
22
22
23
22
24
22
22
23
23
22
22
22
21
22
21
21
22
22
24
22
21
21
23
21
23
21
21
22
22
22
21
22
22
24
25
22
25
24
22
23
23
23
21
21
22
24
25
24
21
21
22
22
22
21
23
21
21
22
NomuberOfNodes:70
RunngingTime(s):0.055
Average Density:0.7499254658385095
Max Density:0.7548654244306419
Min Density:0.7445134575569358
==============================
23
25
26
26
24
24
25
25
26
25
24
25
24
26
27
24
25
25
26
24
25
25
24
26
27
25
24
24
26
26
24
23
26
25
24
27
26
26
24
25
25
26
24
27
25
27
25
24
26
25
26
25
24
25
25
24
24
26
25
26
25
27
25
25
26
26
24
25
23
27
25
24
26
24
24
24
26
26
25
25
24
25
26
26
25
24
25
25
27
24
24
26
25
24
25
23
27
24
25
26
NomuberOfNodes:80
RunngingTime(s):0.051
Average Density:0.749987341772152
Max Density:0.7522151898734177
Min Density:0.7287974683544304
==============================
28
26
26
29
27
27
28
29
29
26
26
27
27
29
28
28
26
28
28
27
29
26
28
26
27
26
27
25
26
28
25
28
26
29
28
27
28
26
27
27
26
28
27
27
29
27
28
28
28
29
26
30
27
29
27
26
27
28
27
29
27
28
27
26
28
26
27
27
27
26
27
26
29
28
27
27
27
28
28
27
26
28
29
28
27
28
26
26
28
26
29
25
26
27
27
28
28
27
26
28
NomuberOfNodes:90
RunngingTime(s):0.046
Average Density:0.7497028714107369
Max Density:0.7585518102372035
Min Density:0.7343320848938827
==============================
28
30
31
29
28
30
30
30
31
28
30
29
31
29
31
28
30
29
29
30
29
29
29
28
27
29
32
30
32
29
30
29
31
29
30
30
30
30
31
29
30
29
30
30
29
31
28
30
30
30
30
30
30
28
30
28
30
29
29
30
31
29
31
30
30
29
29
28
32
28
30
30
30
29
30
30
30
30
29
29
29
31
29
31
31
29
29
28
30
30
29
28
31
29
29
30
29
29
28
30
NomuberOfNodes:100
RunngingTime(s):0.263
Average Density:0.750179797979798
Max Density:0.7563636363636363
Min Density:0.7432323232323232
==============================
